# 使用大恒相机进行测试    平衡步兵相机  输出口歪曲
image_width: 640
image_height: 640
camera_name: narrow_stereo
camera_matrix:
  rows: 3
  cols: 3
  data: [1289.979057, 0.000000, 320.311882, 0.000000, 1290.374124, 295.011322, 0.000000, 0.000000, 1.000000]
distortion_model: plumb_bob
distortion_coefficients:
  rows: 1
  cols: 5
  data: [-0.067087, 0.019912, -0.001580, 0.000359, 0.000000]
rectification_matrix:
  rows: 3
  cols: 3
  data: [1.000000, 0.000000, 0.000000, 0.000000, 1.000000, 0.000000, 0.000000, 0.000000, 1.000000]
projection_matrix:
  rows: 3
  cols: 4
  data: [1282.722656, 0.000000, 319.901575, 0.000000, 0.000000, 1282.754883, 293.969809, 0.000000, 0.000000, 0.000000, 1.000000, 0.000000]