# 使用大恒相机进行测试    平衡步兵相机  输出口歪曲
image_width: 640
image_height: 640
camera_name: narrow_stereo
camera_matrix:
  rows: 3
  cols: 3
  data: [1290.962700, 0.000000, 322.580705, 0.000000, 1290.718282, 293.939753, 0.000000, 0.000000, 1.000000]
distortion_model: plumb_bob
distortion_coefficients:
  rows: 1
  cols: 5
  data: [-0.088844, 0.237859, -0.000787, 0.000107, 0.000000]
rectification_matrix:
  rows: 3
  cols: 3
  data: [1.000000, 0.000000, 0.000000, 0.000000, 1.000000, 0.000000, 0.000000, 0.000000, 1.000000]
projection_matrix:
  rows: 3
  cols: 4
  data: [1282.972046, 0.000000, 322.121671, 0.000000, 0.000000, 1282.586304, 293.099688, 0.000000, 0.000000, 0.000000, 1.000000, 0.000000]